2.3075
2.0505
1.7325
1.5218
1.3773
1.1709
0.9826
0.8609
0.7176
0.6261
0.5579
0.5090
0.4805
0.4589
0.4355
0.4162
0.3980
0.3829
0.3700
0.3579
0.3456
0.3359
0.3272
0.3213
0.3090
0.3055
0.2976
0.2879
0.2815
0.2779
0.2731
0.2672
0.2621
0.2535
0.2477
0.2475
0.2631
0.2435
0.2315
0.2276
0.2203
0.2167
0.2127
0.2083
0.2025
0.1979
0.1973
0.1880
0.1839
0.1824
0.1783
0.1731
0.1710
0.1668
0.1626
0.1598
0.1575
0.1526
0.1498
0.1457
0.1415
0.1404
0.1383
0.1351
0.1287
0.1308
0.1237
0.1245
0.1203
0.1194
0.1139
0.1140
0.1112
0.1130
0.1094
0.1056
0.1021
0.0999
0.0987
0.0982
0.0978
0.0955
0.0924
0.0901
0.0885
0.0868
0.0838
0.0843
0.0815
0.0903
0.0912
0.0806
0.0785
0.0772
0.0728
0.0746
0.0926
0.0717
0.0700
0.0685
0.0673
0.0679
0.0647
0.0678
0.0636
0.0625
0.0631
0.0612
0.0637
0.0601
0.0607
0.0610
0.0588
0.0582
0.0545
0.0567
0.0553
0.0565
0.0572
0.0539
0.0532
0.0546
0.0556
0.0680
0.0511
0.0541
0.0493
0.0513
0.0500
0.0490
0.0478
0.0504
0.0480
0.0492
0.0480
0.0473
0.0456
0.0479
0.0452
0.0493
0.0442
0.0440
0.0456
0.0432
0.0466
0.0436
0.0460
0.0428
0.0419
0.0413
0.0434
0.0388
0.0442
0.0397
0.0404
0.0389
0.0427
0.0395
0.0407
0.0409
0.0405
0.0413
0.0416
0.0410
0.0404
0.0391
0.0382
0.0414
0.0361
0.0372
0.0380
0.0389
0.0382
0.0358
0.0362
0.0748
0.0371
0.0373
0.0372
0.0408
0.0368
0.0369
0.0371
0.0362
0.0354
0.0373
0.0331
0.0372
0.0351
0.0343
0.0357
0.0363
0.0363
0.0376
0.0344
0.0360
0.0347
0.0320
0.0354
0.0362
0.0344
0.0327
0.0336
0.0360
0.0337
0.0336
0.0347
0.1901
0.0399
0.0346
0.0327
0.0320
0.0320
0.0313
0.0321
0.0323
0.0319
0.0311
0.0337
0.0320
0.0341
0.0335
0.0320
0.0311
0.0337
0.0306
0.0375
0.0323
0.0298
0.0316
0.0321
0.0287
0.0320
0.0314
0.0304
0.0329
0.0281
0.0304
0.0347
0.0326
0.0310
0.0341
0.0300
0.0281
0.0305
0.0298
0.0309
0.0317
0.0285
0.0299
0.0296
0.0315
0.0290
0.0317
0.0317
0.0289
0.0412
0.0310
0.0285
0.0290
0.0311
0.0290
0.0283
0.0294
0.0279
0.0295
0.0285
0.0287
0.0287
0.0293
0.0288
0.0282
0.0292
0.0305
0.0294
0.0320
0.0302
0.0256
0.0243
0.0276
0.0291
0.0279
0.0268
0.0303
0.0266
0.0273
0.0268
0.0288
0.0302
0.0269
0.0274
0.0287
0.0276
0.0275
0.0301
0.0257
0.0284
0.0293
0.0292
0.0269
0.0284
0.0246
0.0277
0.0250
0.0276
0.0256
0.0287
0.0297
0.0280
0.0316
0.0367
0.0286
0.0251
0.0304
0.0366
0.0249
0.0257
0.0252
0.0262
0.0270
0.0549
0.0250
0.0273
0.0421
0.0279
0.0281
0.0274
0.0238
0.0260
0.0251
0.0266
0.0264
0.0249
0.0287
0.0285
0.0265
0.0277
0.0261
0.0278
0.0262
0.0252
0.0268
0.0254
0.0265
0.0242
0.0262
0.0233
0.0254
0.0271
0.0246
0.0271
0.0267
0.0247
0.0257
0.0254
0.0234
0.0282
0.0256
0.0248
0.0246
0.0260
0.0269
0.0251
0.0281
0.0241
0.0258
0.0256
0.0220
0.0251
0.0261
0.0267
0.0232
0.0286
0.0231
0.0246
0.0251
0.0246
0.0278
0.0246
0.0250
0.0246
0.0241
0.0240
0.0253
0.0245
0.0242
0.0236
0.0244